dst_width: 7296
dst_height: 2000
src_width: 2688
src_height: 1520
fov_x: 360
fov_y: 100
sensor_ids: [0,1,2,3,4,5,6,7]
sensor_angles: [90,270,90,270,90,270,90,270]
camera_cnt: 8
save_path: './output/local_warp_remap/'
src_img: ['D:/96-test/StitchTool_V1.25.2.2/exe/wsp/0_192.168.5.10_38554_20250107160753/sticth/pano_images/0_cali.jpg','D:/96-test/StitchTool_V1.25.2.2/exe/wsp/0_192.168.5.10_38554_20250107160753/sticth/pano_images/1_cali.jpg','D:/96-test/StitchTool_V1.25.2.2/exe/wsp/0_192.168.5.10_38554_20250107160753/sticth/pano_images/2_cali.jpg','D:/96-test/StitchTool_V1.25.2.2/exe/wsp/0_192.168.5.10_38554_20250107160753/sticth/pano_images/3_cali.jpg','D:/96-test/StitchTool_V1.25.2.2/exe/wsp/0_192.168.5.10_38554_20250107160753/sticth/pano_images/4_cali.jpg','D:/96-test/StitchTool_V1.25.2.2/exe/wsp/0_192.168.5.10_38554_20250107160753/sticth/pano_images/5_cali.jpg','D:/96-test/StitchTool_V1.25.2.2/exe/wsp/0_192.168.5.10_38554_20250107160753/sticth/pano_images/6_cali.jpg','D:/96-test/StitchTool_V1.25.2.2/exe/wsp/0_192.168.5.10_38554_20250107160753/sticth/pano_images/7_cali.jpg']
intrinsic: [[1452.5,0,761.523,0,1446.8,1327.69,0,0,1],[1457.51,0,811.717,0,1451.43,1319.84,0,0,1],[1451.94,0,771.287,0,1447.37,1325.76,0,0,1],[1452.27,0,765.723,0,1447.29,1357.05,0,0,1],[1451.39,0,749.297,0,1447.13,1353.64,0,0,1],[1450.61,0,765.969,0,1445.93,1330.92,0,0,1],[1449.4,0,773.152,0,1445.38,1404.49,0,0,1],[1452.73,0,741.341,0,1448.03,1339.21,0,0,1]]
distortion: [[-0.0309063,-0.00664776,-0.0188583,0.00464146],[-0.0435164,0.0291895,-0.0603081,0.0215963],[-0.0360634,0.012801,-0.0455849,0.017265],[-0.0400889,0.0203967,-0.0502579,0.0176412],[-0.0302734,-0.0132175,-0.00527878,-0.00328993],[-0.0312437,-0.00850986,-0.0139598,0.002027],[-0.0270636,-0.0163288,-0.00929993,0.00110841],[-0.0323166,-0.00688998,-0.0167077,0.00387385]]
extrinsic: [[1,0,0,0,0,1,0,0,0,0,1,0,0,0,0,1],[0.72147,-0.00473727,0.692429,0.0760239,0.000130758,0.999978,0.00670513,0.0011541,-0.692445,-0.00474701,0.721455,-0.0309732,0,0,0,1],[0.0251982,-0.0100068,0.999632,0.110858,0.000727694,0.99995,0.00999164,0.000120265,-0.999682,0.000475656,0.0252042,-0.107847,0,0,0,1],[-0.676501,-0.0108046,0.736363,0.0821338,-0.00905506,0.999939,0.00635313,-5.56473e-05,-0.736386,-0.00236991,-0.676557,-0.185664,0,0,0,1],[-0.999709,-0.0178899,0.0162071,0.00370751,-0.0178833,0.99984,0.000549071,-0.00121521,-0.0162144,0.000259074,-0.999869,-0.22015,0,0,0,1],[-0.742813,-0.01342,-0.669364,-0.0736875,-0.0152285,0.999879,-0.0031469,-0.00126409,0.669326,0.00785586,-0.742928,-0.19102,0,0,0,1],[-0.0156094,-0.00403364,-0.99987,-0.109121,-0.0111808,0.99993,-0.00385934,-0.00112836,0.999816,0.0111191,-0.0156534,-0.112769,0,0,0,1],[0.700721,-0.00891278,-0.71338,-0.0768677,2.32616e-05,0.999922,-0.0124699,-0.000461523,0.713436,0.00872134,0.700667,-0.0348213,0,0,0,1]]
