[cal_version]
version_num=100
[cal_attr]
camera_type=0
image_width=2688
image_height=1520
pano_width=5432
pano_height=1470
out_width=4864
out_height=1392
pano_fov_x=184.966766
pano_fov_y=0.000000
[pipe0]
image_fov_x=91.910263
image_fov_y=0.000000
cx = 1344
cy = 760
yaw = -40.107379
pitch = 0.400123
roll = -0.022217
Tx = 0.000000
Ty = 0.000000
Tz = 0.000000
Tyaw = -40.107379
Tpitch = 0.400123
dRatio = 183.450027
xRatio = 0.000000
yRatio = 0.000000
Coefa = 0.000000
Coefb = -0.006581
Coefc = 0.000000
[pipe1]
image_fov_x=91.948547
image_fov_y=0.000000
cx = 1344
cy = 760
yaw = 40.107379
pitch = -0.400123
roll = 0.022217
Tx = -0.000285
Ty = 0.000126
Tz = 0.005391
Tyaw = 40.107379
Tpitch = -0.400123
dRatio = 174.032211
xRatio = 0.000000
yRatio = 0.000000
Coefa = 0.000000
Coefb = -0.006581
Coefc = 0.000000
